# gpu     sm    mem    enc    dec    jpg    ofa   mclk   pclk     fb   bar1   ccpm    pwr  gtemp  mtemp  rxpci  txpci 
# Idx      %      %      %      %      %      %    MHz    MHz     MB     MB     MB      W      C      C   MB/s   MB/s 
    0      0      0      0      0      0      0    405    210      2      2      0     22     31      -      0      0 
    0      0      0      0      0      0      0    405    210      2      2      0     22     31      -      0      0 
    0      0      0      0      0      0      0    405    210      2      2      0     22     31      -      1      0 
    0      0      0      0      0      0      0    405    210      2      2      0     22     31      -      0      0 
    0      0      0      0      0      0      0    405    210      2      2      0     21     31      -      0      0 
    0      0      0      0      0      0      0    405    210      2      2      0     21     31      -      0      0 
    0      0      0      0      0      0      0    405    210      2      2      0     21     31      -      0      0 
    0      0      0      0      0      0      0   8001   1695    872      5      0     23     32      -     14     12 
    0     74     77      0      0      0      0   8001   1875    936      5      0    173     38      -     10     13 
    0     82     87      0      0      0      0   8001   1830    936      5      0    206     39      -     37   3581 
    0     84     88      0      0      0      0   8001   1845    936      5      0    205     40      -     40   3690 
    0     71     73      0      0      0      0   8001   1815    936      5      0    209     41      -     33    863 
    0     71     74      0      0      0      0   8001   1770    936      5      0    203     42      -      2     11 
    0     85     93      0      0      0      0   8001   1755    936      5      0    206     43      -     39   3688 
    0     61     66      0      0      0      0   8001   1770    936      5      0    207     43      -     38     13 
    0     76     84      0      0      0      0   8001   1785    936      5      0    202     43      -     39   3695 
    0     71     73      0      0      0      0   8001   1755    936      5      0    208     45      -      7     12 
    0     78     86      0      0      0      0   8001   1740    936      5      0    204     45      -      5     13 
    0     70     74      0      0      0      0   8001   1845    936      5      0    207     46      -     39   3688 
    0     84     93      0      0      0      0   8001   1800    936      5      0    208     46      -     38   3688 
    0     80     84      0      0      0      0   8001   1725    936      5      0    209     47      -     35   2456 
    0     71     74      0      0      0      0   8001   1740    936      5      0    208     48      -     31    239 
    0     76     79      0      0      0      0   8001   1800    936      5      0    206     48      -      0     10 
    0     75     78      0      0      0      0   8001   1800    936      5      0    203     49      -      9      8 
    0     72     83      0      0      0      0   8001   1800    936      5      0    207     49      -     39     13 
    0     84     89      0      0      0      0   8001   1710    936      5      0    211     49      -     39   3694 
    0     86     94      0      0      0      0   8001   1815    936      5      0    206     50      -     26     13 
    0     72     75      0      0      0      0   8001   1695    936      5      0    208     50      -     39   1880 
    0     76     84      0      0      0      0   8001   1725    936      5      0    208     51      -     39   3694 
    0     85     94      0      0      0      0   8001   1740    936      5      0    210     51      -     39   3695 
    0     78     82      0      0      0      0   8001   1710    936      5      0    210     51      -     39   3691 
    0     62     67      0      0      0      0   8001   1815    936      5      0    205     52      -     39     13 
    0     66     68      0      0      0      0   8001   1815    936      5      0    202     52      -     22      4 
    0     59     60      0      0      0      0   8001   1695    936      5      0    204     53      -      3     11 
    0     75     82      0      0      0      0   8001   1845    936      5      0    206     53      -      6     13 
    0     61     62      0      0      0      0   8001   1710    936      5      0    207     53      -     39   2313 
    0     84     93      0      0      0      0   8001   1800    936      5      0    207     54      -     12      9 
    0     69     71      0      0      0      0   8001   1695    936      5      0    205     54      -     21     12 
    0     69     71      0      0      0      0   8001   1830    936      5      0    206     55      -     13      8 
    0     60     65      0      0      0      0   8001   1830    936      5      0    205     54      -     39   3687 
    0     49     53      0      0      0      0   8001   1815    936      5      0    201     55      -      1     13 
    0     62     67      0      0      0      0   8001   1680    936      5      0    206     55      -     12      7 
    0     75     81      0      0      0      0   8001   1815    936      5      0    202     55      -     22      4 
    0     71     78      0      0      0      0   8001   1680    936      5      0    204     55      -     39   3690 
# gpu     sm    mem    enc    dec    jpg    ofa   mclk   pclk     fb   bar1   ccpm    pwr  gtemp  mtemp  rxpci  txpci 
# Idx      %      %      %      %      %      %    MHz    MHz     MB     MB     MB      W      C      C   MB/s   MB/s 
    0     68     73      0      0      0      0   8001   1695    936      5      0    203     56      -     22     13 
    0     78     81      0      0      0      0   8001   1815    936      5      0    202     55      -     39   2115 
    0     59     63      0      0      0      0   8001   1770    936      5      0    198     56      -     36     11 
    0     78     84      0      0      0      0   8001   1650    936      5      0    201     57      -     12     12 
    0     65     70      0      0      0      0   8001   1665    936      5      0    205     56      -     38   3075 
    0     83     90      0      0      0      0   8001   1665    936      5      0    206     57      -      5     12 
    0     78     86      0      0      0      0   8001   1680    936      5      0    207     57      -     39   3695 
    0     86     94      0      0      0      0   8001   1695    936      5      0    208     57      -     39   3696 
    0     86     94      0      0      0      0   8001   1650    936      5      0    207     58      -     38     12 
    0     72     76      0      0      0      0   8001   1740    936      5      0    211     57      -     40   3688 
    0     86     91      0      0      0      0   8001   1650    936      5      0    211     58      -      9     11 
    0     72     78      0      0      0      0   8001   1725    936      5      0    211     59      -     29     13 
    0     82     90      0      0      0      0   8001   1770    936      5      0    209     59      -     31     22 
    0     70     72      0      0      0      0   8001   1770    936      5      0    211     59      -     39   1210 
    0     71     73      0      0      0      0   8001   1770    936      5      0    208     59      -     30      4 
    0     85     94      0      0      0      0   8001   1635    936      5      0    209     59      -      7      8 
    0     57     58      0      0      0      0   8001   1740    936      5      0    204     59      -      5     12 
    0     69     70      0      0      0      0   8001   1800    936      5      0    205     59      -     34   1841 
    0     74     80      0      0      0      0   8001   1785    936      5      0    203     59      -     17      6 
    0     80     87      0      0      0      0   8001   1665    936      5      0    202     60      -      5      9 
    0     68     70      0      0      0      0   8001   1695    936      5      0    205     60      -     39     12 
    0     71     73      0      0      0      0   8001   1725    936      5      0    206     60      -     32     13 
    0     86     94      0      0      0      0   8001   1740    936      5      0    209     60      -     39   3692 
    0     79     87      0      0      0      0   8001   1770    936      5      0    209     60      -     39   3694 
    0     86     95      0      0      0      0   8001   1785    936      5      0    209     60      -     39     10 
    0     78     86      0      0      0      0   8001   1740    936      5      0    205     61      -     38     13 
    0     82     90      0      0      0      0   8001   1755    936      5      0    201     61      -      0     13 
    0     73     75      0      0      0      0   8001   1635    936      5      0    203     61      -      0     11 
    0     79     83      0      0      0      0   8001   1785    936      5      0    201     60      -     38   3677 
    0     81     89      0      0      0      0   8001   1710    936      5      0    205     61      -     38     12 
    0     69     71      0      0      0      0   8001   1680    936      5      0    207     61      -      8     10 
    0     68     70      0      0      0      0   8001   1695    936      5      0    210     61      -     38   3687 
    0     72     75      0      0      0      0   8001   1710    936      5      0    210     62      -     39   1653 
    0     69     72      0      0      0      0   8001   1770    936      5      0    208     62      -     26     13 
    0     71     77      0      0      0      0   8001   1740    936      5      0    208     62      -     12     13 
    0     84     93      0      0      0      0   8001   1770    936      5      0    211     62      -     10     13 
    0     86     95      0      0      0      0   8001   1800    936      5      0    209     62      -     12     12 
    0     74     77      0      0      0      0   8001   1770    936      5      0    212     62      -     39   3630 
    0     87     96      0      0      0      0   8001   1680    936      5      0    212     62      -     40   3690 
    0     74     77      0      0      0      0   8001   1680    936      5      0    213     62      -     19      8 
    0     72     74      0      0      0      0   8001   1770    936      5      0    212     62      -     39   3688 
    0     83     91      0      0      0      0   8001   1725    936      5      0    212     63      -     33   1339 
    0     62     63      0      0      0      0   8001   1710    936      5      0    209     63      -      5     13 
    0     80     88      0      0      0      0   8001   1650    936      5      0    211     62      -     38     12 
# gpu     sm    mem    enc    dec    jpg    ofa   mclk   pclk     fb   bar1   ccpm    pwr  gtemp  mtemp  rxpci  txpci 
# Idx      %      %      %      %      %      %    MHz    MHz     MB     MB     MB      W      C      C   MB/s   MB/s 
    0     81     89      0      0      0      0   8001   1680    936      5      0    217     62      -     38     13 
    0    100    100      0      0      0      0   8001   1635    936      5      0    217     63      -      0     12 
    0    100    100      0      0      0      0   8001   1635    936      5      0    222     63      -     39     12 
    0    100    100      0      0      0      0   8001   1665    936      5      0    224     63      -     38     13 
    0     70     81      0      0      0      0   8001   1800    936      5      0    221     64      -     38     13 
    0     85     94      0      0      0      0   8001   1650    936      5      0    224     64      -     39   3691 
    0     86     94      0      0      0      0   8001   1635    936      5      0    226     63      -     39     12 
    0     84     93      0      0      0      0   8001   1635    936      5      0    225     64      -     41     12 
    0     85     93      0      0      0      0   8001   1620    936      5      0    225     64      -     38     12 
    0     98    100      0      0      0      0   8001   1620    936      5      0    224     65      -     39     13 
    0    100    100      0      0      0      0   8001   1620    936      5      0    223     65      -     11      9 
    0    100    100      0      0      0      0   8001   1770    936      5      0    225     65      -     37     12 
    0    100    100      0      0      0      0   8001   1590    936      5      0    224     65      -     39   3694 
    0     86     94      0      0      0      0   8001   1740    936      5      0    224     65      -     39     12 
    0     86     94      0      0      0      0   8001   1590    936      5      0    224     65      -     40     13 
    0     92    100      0      0      0      0   8001   1590    936      5      0    224     65      -     38     12 
    0    100    100      0      0      0      0   8001   1740    936      5      0    224     66      -     39     13 
    0    100    100      0      0      0      0   8001   1590    936      5      0    224     66      -      7     12 
    0     87     96      0      0      0      0   8001   1725    936      5      0    223     66      -     38     12 
    0     85     94      0      0      0      0   8001   1575    936      5      0    223     66      -     38   3688 
    0     85     93      0      0      0      0   8001   1590    936      5      0    226     66      -     38     12 
    0     91    100      0      0      0      0   8001   1545    936      5      0    223     66      -     39     12 
    0    100    100      0      0      0      0   8001   1560    936      5      0    225     66      -     39     12 
    0      0      0      0      0      0      0   8001   1845      2      2      0    173     64      -      0      0 
    0      0      0      0      0      0      0   8001   1845      2      2      0    124     64      -      0      0 
    0      0      0      0      0      0      0   8001    360      2      2      0    106     60      -      0      9 
    0      0      0      0      0      0      0   5001    240      2      2      0     76     59      -      0      0 
    0      0      0      0      0      0      0    810    210      2      2      0     45     58      -      0      0 
    0      0      0      0      0      0      0    810    210      2      2      0     36     57      -      0      0 
