# gpu     sm    mem    enc    dec    jpg    ofa   mclk   pclk     fb   bar1   ccpm    pwr  gtemp  mtemp  rxpci  txpci 
# Idx      %      %      %      %      %      %    MHz    MHz     MB     MB     MB      W      C      C   MB/s   MB/s 
    0      0      0      0      0      0      0    405    210      2      2      0     22     30      -      0      0 
    0      0      0      0      0      0      0    405    210      2      2      0     22     30      -      0      0 
    0      0      0      0      0      0      0    405    210      2      2      0     22     30      -      0      0 
    0      0      0      0      0      0      0    405    210      2      2      0     22     30      -      0      0 
    0      0      0      0      0      0      0    405    210      2      2      0     22     30      -      0      0 
    0      0      0      0      0      0      0    405    210      2      2      0     22     30      -      0      0 
    0      0      0      0      0      0      0    405    210      2      2      0     22     30      -      0      0 
    0      0      0      0      0      0      0    405    210      2      2      0     22     30      -      0      0 
    0      0      0      0      0      0      0    405    210      2      2      0     22     30      -      0      0 
    0      0      0      0      0      0      0    405    210      2      2      0     22     30      -      0      0 
    0      0      0      0      0      0      0    405    210      2      2      0     22     30      -      0      0 
    0      0      0      0      0      0      0    405    210      2      2      0     22     30      -      0      0 
    0      0      0      0      0      0      0   8001   1695    234      5      0     27     32      -     41    128 
    0     21      1      0      0      0      0   8001   1695    234      5      0     92     33      -     71    187 
    0      0      0      0      0      0      0   8001   1695    234      5      0     91     33      -      0      0 
    0     29      1      0      0      0      0   8001   1695    234      5      0     84     34      -     69    187 
    0     22      1      0      0      0      0   8001   1695    234      5      0     91     34      -      0      0 
    0     23      1      0      0      0      0   8001   1695    234      5      0     86     34      -     78    126 
    0     19      1      0      0      0      0   8001   1695    234      5      0     92     35      -     62    123 
    0      0      0      0      0      0      0   8001   1695    234      5      0     89     35      -      0      0 
    0     25      1      0      0      0      0   8001   1695    234      5      0     91     35      -     51    187 
    0      0      0      0      0      0      0   8001   1695    234      5      0     90     35      -      0      0 
    0     20      1      0      0      0      0   8001   1695    234      5      0     89     35      -     47    187 
    0     19      1      0      0      0      0   8001   1695    234      5      0     93     36      -     59    185 
    0     21      1      0      0      0      0   8001   1695    234      5      0     90     36      -     71    249 
    0     29      1      0      0      0      0   8001   1695    234      5      0     95     36      -     95    187 
    0     28      1      0      0      0      0   8001   1695    234      5      0     95     36      -     79    247 
    0      0      0      0      0      0      0   8001   1695    234      5      0     88     36      -     71    250 
    0     28      1      0      0      0      0   8001   1695    234      5      0     94     37      -     94    187 
    0     29      1      0      0      0      0   8001   1695    234      5      0     95     37      -     92    245 
    0     28      1      0      0      0      0   8001   1695    234      5      0     95     37      -     84    246 
    0     28      1      0      0      0      0   8001   1695    234      5      0     95     37      -     74    191 
    0     28      1      0      0      0      0   8001   1695    234      5      0     95     38      -     79    247 
    0     27      1      0      0      0      0   8001   1695    234      5      0     95     38      -     92    245 
    0     28      1      0      0      0      0   8001   1695    234      5      0     95     38      -     78    189 
    0     27      1      0      0      0      0   8001   1695    234      5      0     95     38      -     71    190 
    0     26      1      0      0      0      0   8001   1695    234      5      0     95     38      -     75    190 
    0     21      1      0      0      0      0   8001   1695    234      5      0     95     38      -     88    125 
    0     21      1      0      0      0      0   8001   1695    234      5      0     96     39      -     45    191 
    0     26      1      0      0      0      0   8001   1695    234      5      0     96     39      -     84    125 
    0     17      1      0      0      0      0   8001   1695    234      5      0     95     39      -     36    188 
    0     20      1      0      0      0      0   8001   1695    234      5      0     95     39      -     54    127 
    0     20      1      0      0      0      0   8001   1695    234      5      0     95     39      -     76    188 
    0     19      1      0      0      0      0   8001   1695    234      5      0     96     39      -     40    190 
# gpu     sm    mem    enc    dec    jpg    ofa   mclk   pclk     fb   bar1   ccpm    pwr  gtemp  mtemp  rxpci  txpci 
# Idx      %      %      %      %      %      %    MHz    MHz     MB     MB     MB      W      C      C   MB/s   MB/s 
    0     18      1      0      0      0      0   8001   1695    234      5      0     95     40      -     57    123 
    0     28      1      0      0      0      0   8001   1695    234      5      0     97     40      -     81    247 
    0     24      1      0      0      0      0   8001   1695    234      5      0     98     40      -     72    129 
    0     25      1      0      0      0      0   8001   1695    234      5      0     97     40      -     47    187 
    0     20      1      0      0      0      0   8001   1695    234      5      0     96     40      -     71    190 
    0     24      1      0      0      0      0   8001   1695    234      5      0     97     40      -     77    186 
    0     25      1      0      0      0      0   8001   1695    234      5      0     98     40      -     71    247 
    0     26      1      0      0      0      0   8001   1695    234      5      0     98     41      -     85    187 
    0     27      1      0      0      0      0   8001   1695    234      5      0     99     41      -     82    247 
    0     28      1      0      0      0      0   8001   1695    234      5      0     99     41      -     83    188 
    0     37      2      0      0      0      0   8001   1695    234      5      0    101     41      -     95    249 
    0     30      1      0      0      0      0   8001   1695    234      5      0    101     41      -     92    249 
    0     25      1      0      0      0      0   8001   1695    234      5      0    100     41      -    118    191 
    0     38      2      0      0      0      0   8001   1695    234      5      0    102     41      -     91    308 
    0     27      1      0      0      0      0   8001   1695    234      5      0    100     42      -     95    312 
    0     19      1      0      0      0      0   8001   1695    234      5      0     98     41      -     71    125 
    0     21      1      0      0      0      0   8001   1695    234      5      0     97     41      -     58    183 
    0     19      1      0      0      0      0   8001   1695    234      5      0     96     42      -     71     62 
    0     24      1      0      0      0      0   8001   1695    234      5      0     96     42      -     55    248 
    0     27      1      0      0      0      0   8001   1695    234      5      0     98     42      -    110    127 
    0     22      1      0      0      0      0   8001   1695    234      5      0     98     42      -     57    187 
    0     21      1      0      0      0      0   8001   1695    234      5      0     97     42      -     85    125 
    0     25      1      0      0      0      0   8001   1695    234      5      0     98     42      -     57    247 
    0     28      1      0      0      0      0   8001   1695    234      5      0     99     42      -     59    248 
    0     17      1      0      0      0      0   8001   1695    234      5      0     97     42      -     71    125 
    0     20      1      0      0      0      0   8001   1695    234      5      0     96     42      -     43    187 
    0     18      1      0      0      0      0   8001   1695    234      5      0     97     42      -     71    187 
    0     15      1      0      0      0      0   8001   1695    234      5      0     96     42      -     47    125 
    0     17      1      0      0      0      0   8001   1695    234      5      0     95     42      -     24    125 
    0     10      0      0      0      0      0   8001   1695    234      5      0     93     42      -     71      0 
    0     27      1      0      0      0      0   8001   1695    234      5      0     95     43      -     47    187 
    0     21      1      0      0      0      0   8001   1695    234      5      0     96     43      -     34    187 
    0     21      0      0      0      0      0   8001   1695    234      5      0     99     43      -     69     71 
    0     24      0      0      0      0      0   8001   1695    234      5      0     98     43      -     26    137 
    0     30      0      0      0      0      0   8001   1695    234      5      0    100     43      -    127    129 
    0     33      1      0      0      0      0   8001   1695    234      5      0    102     43      -     79     82 
    0     44      1      0      0      0      0   8001   1725    234      5      0    105     44      -    132    145 
    0     41      1      0      0      0      0   8001   1860    234      5      0    138     45      -    138    143 
    0     36      1      0      0      0      0   8001   1860    234      5      0    140     46      -    122     82 
    0     30      1      0      0      0      0   8001   1860    234      5      0    135     46      -    133    142 
    0     33      1      0      0      0      0   8001   1725    234      5      0    121     45      -    129    143 
    0     29      0      0      0      0      0   8001   1695    234      5      0    106     44      -     78      7 
    0     32      1      0      0      0      0   8001   1830    234      5      0    114     46      -    124    143 
    0     31      1      0      0      0      0   8001   1830    234      5      0    128     46      -     80    141 
# gpu     sm    mem    enc    dec    jpg    ofa   mclk   pclk     fb   bar1   ccpm    pwr  gtemp  mtemp  rxpci  txpci 
# Idx      %      %      %      %      %      %    MHz    MHz     MB     MB     MB      W      C      C   MB/s   MB/s 
    0     33      1      0      0      0      0   8001   1695    234      5      0    117     45      -    133     72 
    0     35      1      0      0      0      0   8001   1740    234      5      0    110     45      -     73    143 
    0     24      0      0      0      0      0   8001   1860    234      5      0    121     46      -    127     85 
    0      8      0      0      0      0      0   8001   1860    234      5      0    133     47      -    105     83 
    0     24      0      0      0      0      0   8001   1695    234      5      0    111     45      -    100      4 
    0     22      0      0      0      0      0   8001   1695    234      5      0    100     45      -     88     67 
    0     22      0      0      0      0      0   8001   1695    234      5      0     99     45      -     25    137 
    0     30      0      0      0      0      0   8001   1695    234      5      0    101     45      -    122    132 
    0     29      0      0      0      0      0   8001   1695    234      5      0    104     45      -     50    132 
    0     22      0      0      0      0      0   8001   1695    234      5      0    101     45      -     69     71 
    0     22      0      0      0      0      0   8001   1695    234      5      0    100     45      -     85     68 
    0     24      0      0      0      0      0   8001   1695    234      5      0    100     45      -     69     84 
    0     35      1      0      0      0      0   8001   1695    234      5      0    105     46      -    115      9 
    0     28      0      0      0      0      0   8001   1695    234      5      0    102     46      -      0      0 
    0     14      0      0      0      0      0   8001   1695    234      5      0     96     46      -    124      0 
    0     23      0      0      0      0      0   8001   1695    170      5      0    101     45      -     22      0 
    0      0      0      0      0      0      0   8001   1695      2      2      0     90     45      -      0      0 
    0      0      0      0      0      0      0   8001   1695      2      2      0     59     43      -      0      0 
    0      0      0      0      0      0      0    810    570      2      2      0     41     42      -      0      0 
    0      0      0      0      0      0      0    405    225      2      2      0     26     41      -      3      0 
    0      0      0      0      0      0      0    405    210      2      2      0     24     41      -      0      0 
    0      0      0      0      0      0      0    405    210      2      2      0     23     41      -      0      0 
    0      0      0      0      0      0      0    405    210      2      2      0     23     40      -      0      0 
    0      0      0      0      0      0      0    405    210      2      2      0     23     40      -      0      0 
    0      0      0      0      0      0      0    405    210      2      2      0     23     40      -      0      0 
    0      0      0      0      0      0      0    405    210      2      2      0     23     39      -      0      0 
    0      0      0      0      0      0      0    405    210      2      2      0     23     39      -      0      0 
    0      0      0      0      0      0      0    405    210      2      2      0     23     39      -      0      0 
    0      0      0      0      0      0      0    405    210      2      2      0     23     39      -      0      0 
    0      0      0      0      0      0      0    405    210      2      2      0     23     39      -      0      0 
    0      0      0      0      0      0      0    405    210      2      2      0     23     38      -      0      0 
    0      0      0      0      0      0      0    405    210      2      2      0     23     38      -      0      0 
    0      0      0      0      0      0      0    405    210      2      2      0     23     38      -      0      0 
    0      0      0      0      0      0      0    405    210      2      2      0     23     38      -      0      0 
